613
439
438
617
343
942
790
269
735
679
444
441
539
662
691
124
15
675
404
872
237
334
861
479
424
314
833
293
906
950
437
142
359
551
509
890
9
568
102
67
161
530
426
59
259
427
946
896
808
6
35
538
572
510
677
380
534
879
615
90
580
413
810
714
260
498
386
877
943
845
483
643
421
527
938
993
706
339
370
540
337
39
404
483
308
567
994
855
356
768
114
195
976
496
61
610
369
15
890
447
303
821
251
8
260
716
893
304
537
805
201
281
471
959
238
180
641
278
132
65
920
831
97
828
533
368
66
627
343
111
100
693
974
474
537
759
101
366
183
461
178
644
57
67
54
100
355
794
494
549
670
194
173
329
14
811
303
891
541
975
591
667
630
667
819
271
578
551
818
534
217
809
262
105
748
637
515
119
143
258
115
714
525
491
768
647
583
404
650
311
275
283
306
659
499
652
193
637
828
806
725
418
370
86
977
